41
59
42
43
44
62
45
46
65
49
67
50
51
52
70
53
54
73
78
81
84
86
89
92
79
97
80
81
82
100
83
84
102
85
86
87
88
106
89
90
108
91
92
111
116
119
121
125
127
130
117
118
119
138
122
141
125
143
128
146
129
130
157
142
160
143
161
162
165
176
160
178
161
162
180
163
182
184
195
197
199
201
203
196
214
197
215
216
202
220
203
221
222
212
213
214
215
233
216
235
221
239
222
223
241
224
225
252
236
254
237
238
239
258
260
271
273
277
279
290
274
292
293
277
295
296
298
309
293
311
294
312
295
313
296
314
315
317
307
325
308
309
310
311
329
312
313
314
332
315
316
317
335
318
319
320
339
344
348
351
354
358
345
346
364
365
349
367
350
351
352
353
354
373
357
375
358
376
365
383
384
386
392
376
394
395
383
401
384
385
386
387
388
406
407
391
409
392
410
393
394
395
396
415
420
407
425
426
410
428
429
434
421
422
423
424
425
426
427
428
429
430
431
432
433
434
