40
41
42
43
44
45
46
48
49
50
51
52
53
54
59
62
65
67
70
73
78
79
80
81
82
83
84
85
86
87
88
89
90
91
92
97
100
102
106
108
111
116
117
118
119
121
122
124
125
127
128
129
130
138
141
142
143
146
157
159
160
161
162
163
165
176
178
180
182
184
195
196
197
199
201
202
203
211
212
213
214
215
216
220
221
222
223
224
225
233
235
236
237
238
239
241
252
254
258
260
271
273
274
276
277
279
290
292
293
294
295
296
298
306
307
308
309
310
311
312
313
314
315
316
317
318
319
320
325
329
332
335
339
344
345
346
348
349
350
351
352
353
354
356
357
358
364
365
367
373
375
376
382
383
384
385
386
387
388
390
391
392
393
394
395
396
401
406
407
409
410
415
420
421
422
423
424
425
426
427
428
429
430
431
432
433
434